{
  "advancedEditorSelectedIdentifier" : "ProjectBrowser",
  "openSceneRelativePaths" : [
    "Anchor.usda"
  ],
  "recentIdentifiers" : {
    "1D572CEB-057A-41C3-B575-04C37501A3C0" : [

    ]
  },
  "sceneCameraHistory" : {
    "1D572CEB-057A-41C3-B575-04C37501A3C0" : [
      {
        "date" : 729104667.537609,
        "title" : "Untitled",
        "transform" : [
          0.989164,
          -7.387868e-12,
          0.14681439,
          0,
          0.10007999,
          0.73165333,
          -0.67429036,
          0,
          -0.10741724,
          0.6816769,
          0.7237252,
          0,
          0.066210955,
          1.3649869,
          1.4043552,
          1
        ]
      },
      {
        "date" : 729104622.226606,
        "title" : "Untitled",
        "transform" : [
          0.989164,
          -7.387868e-12,
          0.14681439,
          0,
          0.10007999,
          0.73165333,
          -0.67429036,
          0,
          -0.10741724,
          0.6816769,
          0.7237252,
          0,
          0.25333238,
          2.1041603,
          3.6962454,
          1
        ]
      },
      {
        "date" : 729104618.335425,
        "title" : "Untitled",
        "transform" : [
          0.99999994,
          0,
          0,
          0,
          0,
          0.86602503,
          -0.5000007,
          0,
          0,
          0.5000007,
          0.86602503,
          0,
          0.79324883,
          2.5159633,
          6.212707,
          1
        ]
      },
      {
        "date" : 729104616.086558,
        "title" : "Untitled",
        "transform" : [
          0.99999994,
          0,
          0,
          0,
          0,
          0.86602503,
          -0.5000007,
          0,
          0,
          0.5000007,
          0.86602503,
          0,
          -1.2326811e-06,
          2.8965747,
          5.9929605,
          1
        ]
      },
      {
        "date" : 729104466.040543,
        "title" : "Untitled",
        "transform" : [
          0.99999994,
          0,
          -0,
          0,
          -0,
          0.86602503,
          -0.5000007,
          0,
          0,
          0.5000007,
          0.86602503,
          0,
          -4.8428774e-08,
          0.11379874,
          0.23544753,
          1
        ]
      },
      {
        "date" : 729104456.371435,
        "title" : "Untitled",
        "transform" : [
          0.99999994,
          0,
          0,
          0,
          0,
          0.8660249,
          -0.5000007,
          0,
          0,
          0.5000007,
          0.8660249,
          0,
          -0.0363556,
          1.3251762,
          1.4503858,
          1
        ]
      },
      {
        "date" : 729104382.922996,
        "title" : "Untitled",
        "transform" : [
          0.99999994,
          0,
          -0,
          0,
          -0,
          0.8660249,
          -0.5000007,
          0,
          0,
          0.5000007,
          0.8660249,
          0,
          0,
          3.4997113,
          3.9443388,
          1
        ]
      }
    ],
    "7DD28190-161E-433E-9790-FAD737674556" : [
      {
        "date" : 729105977.680748,
        "title" : "Untitled",
        "transform" : [
          0.99999994,
          0,
          -0,
          0,
          -0,
          0.8660256,
          -0.49999955,
          0,
          0,
          0.49999955,
          0.8660256,
          0,
          0,
          0.7999405,
          1.3855377,
          1
        ]
      }
    ]
  }
}